random matrix A:
     0.668       0.31      0.191       0.88      0.157 
      0.31      0.112      0.361      0.276      0.837 
     0.191      0.361      0.584     0.0763      0.815 
      0.88      0.276     0.0763      0.187      0.272 
     0.157      0.837      0.815      0.272       0.53 

The orthogonal matrix of the eigenvectors V:
     0.315      0.482      0.218      0.667      0.419 
     -0.57      0.424     -0.546     -0.126      0.425 
    -0.277  -0.000456      0.741     -0.401      0.462 
    -0.323      -0.73    -0.0733      0.487      0.346 
     0.628     -0.232     -0.316     -0.375      0.558 

The diagonal matrix and corresponding eigenvalues D:
     -0.65  -1.32e-23  -3.23e-12  -8.73e-15   3.67e-16 
  1.08e-16     -0.468   3.71e-15  -1.24e-18  -4.92e-23 
 -3.23e-12   3.72e-15     0.0189   6.18e-20          0 
 -8.82e-15   1.92e-16  -4.86e-17       1.05  -8.71e-11 
  3.68e-16   1.46e-17  -4.06e-17  -8.71e-11       2.13 

Checking the following:
A=VD(V^T): True
(V^T)AV=D: True
(V^T)V=I: True
V(V^T)=I: True
