Matrix A:
     0.249      0.111      0.467      0.772      0.658 
     0.433      0.354      0.944      0.101      0.642 
    0.0286      0.248       0.32       0.99      0.682 
     0.655      0.283      0.615      0.704      0.702 
      0.95     0.0934      0.161      0.382      0.798 
Matrix R:
      1.26      0.367      0.867      0.865       1.33 
         0      0.391      0.859      0.726      0.645 
         0          0      0.356     -0.298    -0.0532 
         0          0          0      0.929      0.439 
         0          0          0          0      0.215 
Matrix Q:
     0.198     0.0975      0.596      0.761      0.132 
     0.344      0.582      0.408     -0.535      0.298 
    0.0228      0.613     -0.636      0.362      0.298 
     0.521      0.234     -0.104     0.0569     -0.812 
     0.755     -0.471     -0.251   -0.00545      0.381 
Q*R:
     0.249      0.111      0.467      0.772      0.658 
     0.433      0.354      0.944      0.101      0.642 
    0.0286      0.248       0.32       0.99      0.682 
     0.655      0.283      0.615      0.704      0.702 
      0.95     0.0934      0.161      0.382      0.798 
Matrix B:
    -0.454     -0.801      -1.12       2.13      0.103 
      -6.6      0.772       3.74       1.89    -0.0406 
      2.21      0.325       -1.8      0.687      -1.15 
     0.529      -1.23     -0.264       1.84     -0.841 
     0.613       1.39       1.38      -3.78       1.77 
Test A*B = I
Matrix A*B:
         1  -1.11e-16  -2.22e-16  -4.44e-16  -2.22e-16 
  2.22e-16          1  -1.11e-16   4.44e-16  -6.66e-16 
 -2.22e-16  -3.33e-16          1          0  -2.22e-16 
 -1.11e-16   6.66e-16  -5.55e-16          1   8.88e-16 
  5.55e-17  -6.66e-16  -4.44e-16   8.88e-16          1 
Test Successfull
