Matrix A:
     0.249      0.111      0.467      0.772      0.658 
     0.433      0.354      0.944      0.101      0.642 
    0.0286      0.248       0.32       0.99      0.682 
     0.655      0.283      0.615      0.704      0.702 
      0.95     0.0934      0.161      0.382      0.798 
     0.169      0.794      0.307      0.823      0.886 
     0.556      0.717      0.699     0.0136      0.992 
Matrix R:
      1.39      0.718        1.1      0.892       1.72 
         0      0.957      0.633      0.652      0.964 
         0          0       0.76      0.173      0.196 
         0          0          0       1.29      0.462 
         0          0          0          0      0.273 
Matrix Q:
      0.18     -0.019      0.369      0.435      0.344 
     0.312      0.136      0.675     -0.298     -0.072 
    0.0207      0.244      0.188      0.606      0.347 
     0.473    -0.0594      0.172      0.227     -0.703 
     0.686     -0.417     -0.438     0.0923      0.238 
     0.122      0.738     -0.388      0.233     -0.245 
     0.402      0.448    -0.0365      -0.49      0.381 
Q.T*Q:
         1  -5.55e-17   8.85e-17   5.55e-17   2.78e-17 
 -5.55e-17          1   4.16e-17   5.55e-17  -3.61e-16 
  8.85e-17   4.16e-17          1   3.12e-17   1.39e-17 
  5.55e-17   5.55e-17   3.12e-17          1   3.05e-16 
  2.78e-17  -3.61e-16   1.39e-17   3.05e-16          1 
Q*R:
     0.249      0.111      0.467      0.772      0.658 
     0.433      0.354      0.944      0.101      0.642 
    0.0286      0.248       0.32       0.99      0.682 
     0.655      0.283      0.615      0.704      0.702 
      0.95     0.0934      0.161      0.382      0.798 
     0.169      0.794      0.307      0.823      0.886 
     0.556      0.717      0.699     0.0136      0.992 
Test Q*R = A
Test successfull

Test solving an 5x5 matrix
Matrix A2:
     0.859     0.0625      0.514      0.525      0.273 
     0.691      0.387      0.434      0.675      0.677 
     0.245      0.353      0.526      0.169      0.347 
     0.395      0.155       0.95      0.085      0.974 
     0.639     0.0469      0.121      0.215     0.0862 
Vector b:     0.806      0.994      0.473      0.692      0.488 
Solving Q2*R2*x = b:
Solving for x using qrgs     0.576      0.364     0.0815      0.308      0.312 
Testing A2*x = b
Vector A2*x:     0.665      0.687      0.651      0.966      0.961      0.942      0.952 
Test successfull
